4294967294,0
4294967278,245
4294967294,436
4294967294,473
4294967294,421
4294967294,30
4294967294,1167
4294967294,1164
4294967294,1163
4294967294,992
4294967294,990
4294967294,988
4294967294,987
4294967294,12
4294967294,474
4294967294,50
4294967294,81
4294967294,11
4294967278,132
4294967278,131
4294967278,130
4294967278,129
4294967278,128
4294967278,127
4294967278,126
4294967278,125
4294967278,124
4294967278,123
4294967278,122
4294967278,121
4294967278,120
4294967278,119
4294967278,118
4294967278,116
4294967278,115
4294967278,114
4294967278,112
4294967278,111
4294967278,110
4294967278,109
4294967278,108
4294967278,107
4294967278,106
4294967278,105
4294967278,104
4294967278,103
4294967278,102
4294967278,101
4294967278,100
4294967278,99
4294967278,98
4294967278,97
4294967278,96
4294967278,320
4294967278,95
4294967278,94
4294967278,93
4294967278,92
4294967278,91
4294967278,90
4294967278,317
4294967278,89
4294967278,316
4294967278,87
4294967278,315
4294967278,86
4294967278,85
4294967278,313
4294967278,84
4294967278,83
4294967278,82
4294967278,81
4294967278,80
4294967278,309
4294967278,79
4294967278,78
4294967278,77
4294967278,76
4294967278,75
4294967278,74
4294967278,73
4294967278,72
4294967278,71
4294967278,364
4294967278,70
4294967278,305
4294967278,69
4294967278,304
4294967278,68
4294967278,67
4294967278,66
4294967278,65
4294967278,64
4294967278,63
4294967278,62
4294967278,61
4294967278,60
4294967278,0
4294967279,80
4294967279,537
4294967279,75
4294967279,69
4294967279,68
4294967279,66
4294967279,63
4294967279,61
4294967279,59
4294967279,57
4294967279,56
4294967279,54
4294967279,291
4294967279,52
4294967279,48
4294967279,524
4294967279,47
4294967279,46
4294967279,290
4294967279,44
4294967279,41
4294967279,38
4294967279,36
4294967279,34
4294967279,31
4294967279,518
4294967279,29
4294967279,556
4294967279,528
4294967279,137
4294967279,285
4294967279,283
4294967279,21
4294967279,16
4294967279,15
4294967279,11
4294967279,9
4294967279,8
4294967279,7
4294967279,6
4294967279,5
4294967279,4
4294967278,117
4294967278,243
4294967278,240
4294967278,238
4294967294,995
4294967294,97
4294967294,1166
4294967294,1158
4294967294,1019
4294967294,989
4294967294,60
4294967294,93
4294967294,95
4294967278,237
4294967294,43
4294967294,475
4294967294,25
4294967294,1018
4294967294,26
4294967294,67
4294967294,1098
4294967294,83
4294967294,68
0,5
4294967278,380
4294967278,346
4294967278,113
4294967279,566
4294967279,539
4294967294,1422
57,5
57,4
57,3
57,2
57,1
55,4
55,3
55,2
55,1
4294967278,379
4294967294,1420
54,6
4294967279,565
54,5
54,4
54,3
54,2
54,1
4294967278,378
53,5
53,4
53,3
53,2
53,1
4294967279,564
52,5
52,4
52,3
52,2
52,1
51,5
51,4
51,3
51,2
51,1
4294967279,563
49,4
49,3
49,2
49,1
4294967278,377
4294967278,376
4294967279,553
4294967293,131
4294967293,130
4294967293,129
4294967293,128
4294967293,127
4294967293,126
4294967293,125
4294967293,124
4294967293,123
4294967293,122
4294967293,121
4294967293,120
4294967293,119
4294967293,118
4294967293,117
4294967293,116
4294967293,115
4294967293,114
4294967293,113
4294967293,112
4294967293,111
4294967293,110
4294967293,109
4294967293,108
4294967293,107
4294967293,106
4294967293,105
4294967293,104
4294967293,103
4294967293,102
4294967293,101
4294967293,100
4294967293,99
4294967293,98
4294967293,97
4294967293,96
4294967293,95
4294967293,94
4294967293,93
4294967293,92
4294967293,91
4294967293,90
4294967293,89
4294967293,88
4294967293,87
4294967293,86
4294967293,85
4294967293,84
4294967293,83
4294967293,82
4294967293,81
4294967293,80
4294967293,79
4294967293,78
4294967293,77
4294967293,76
4294967293,75
4294967293,74
4294967293,73
4294967293,72
4294967293,71
4294967293,70
4294967293,69
4294967293,68
4294967293,67
4294967293,66
4294967293,65
4294967293,64
4294967293,63
4294967293,62
4294967293,61
4294967293,60
4294967293,59
4294967293,58
4294967293,57
4294967293,56
4294967293,55
4294967293,54
4294967293,53
4294967293,52
4294967293,51
4294967293,50
4294967293,49
4294967293,48
4294967293,47
4294967293,46
4294967293,45
4294967293,44
4294967293,43
4294967293,42
4294967293,41
4294967293,40
4294967293,39
4294967293,38
4294967293,37
4294967293,36
4294967293,35
4294967293,34
4294967293,33
4294967293,32
4294967293,31
4294967293,30
4294967293,29
4294967293,28
4294967293,27
4294967293,26
4294967293,25
4294967293,24
4294967293,23
4294967293,22
4294967293,21
